chrI	12680	12727	1	1	1	0	3	24
chrI	12728	12823	1	1	1	0	8	23
chrI	26161	26565	1	1	1	0	5	22
chrI	26161	26700	1	1	1	0	5	22
chrI	87388	87500	1	1	1	97	0	23
chrI	142254	142619	1	1	1	568	0	24
chrI	151007	151096	2	2	1	2	0	22
chrI	204671	205210	2	2	1	0	5	22
chrI	204806	205210	2	2	1	0	5	22
chrI	205708	205842	1	1	1	0	2	13
chrI	205708	206517	1	1	1	0	2	13
chrI	206113	206517	1	1	1	0	4	24
chrII	5120	5335	2	2	1	0	1	14
chrII	45645	45977	1	1	1	39	0	20
chrII	60194	60697	2	2	1	33	0	21
chrII	89133	89440	2	2	1	2	0	12
chrII	110421	110505	2	2	1	1	0	16
chrII	110880	110948	1	1	1	6	0	23
chrII	125155	125270	1	1	1	22	0	23
chrII	142750	142846	2	2	1	1	0	19
chrII	168425	168808	1	1	1	2	0	18
chrII	170677	170804	1	1	1	48	0	25
chrII	186353	186427	2	2	1	2	0	25
chrII	332876	333386	1	1	1	183	0	24
chrII	393181	393510	1	1	1	147	0	25
chrII	407028	407122	2	2	1	112	0	24
chrII	414754	415259	2	2	1	12	0	24
chrII	426517	426873	2	2	1	3	0	15
chrII	443706	443833	2	2	1	11	0	18
chrII	462210	462289	1	1	1	27	0	24
chrII	462430	462499	1	1	1	53	3	24
chrII	592417	592768	2	2	1	1	0	6
chrII	604515	604927	1	1	1	22	0	24
chrII	604515	604930	1	1	1	1	0	18
chrII	606281	606668	1	1	1	14	0	18
chrII	679943	680039	2	2	1	1	0	5
chrII	726550	727011	2	2	1	1	0	19
chrII	726918	727011	2	2	1	11	0	25
chrIII	70622	70645	1	1	1	2	1	14
chrIII	101634	101700	2	2	1	20	0	25
chrIII	101634	101704	2	2	1	1	0	15
chrIII	107192	107287	1	1	1	70	0	23
chrIII	138131	138162	1	1	1	6	3	18
chrIII	173116	173198	2	2	1	26	0	22
chrIII	293940	293993	1	1	1	3	0	18
chrIII	293940	294007	1	1	1	1	0	19
chrIII	294240	294291	1	1	1	22	0	21
chrIII	295267	295878	2	2	1	1	0	23
chrIV	43681	44241	2	2	1	0	1	14
chrIV	65307	65377	1	1	1	2	0	24
chrIV	117667	118157	1	1	1	12	0	17
chrIV	122078	122176	1	1	1	5	0	23
chrIV	122078	122186	1	1	1	1	0	16
chrIV	188114	188193	2	2	1	3	0	13
chrIV	216158	216489	1	1	1	38	0	23
chrIV	217603	218007	1	1	1	17	0	22
chrIV	230020	230320	1	1	1	917	0	25
chrIV	235039	235191	1	1	1	2	0	12
chrIV	239399	239509	2	2	1	41	0	24
chrIV	246276	246426	1	1	1	1	0	14
chrIV	254975	255044	2	2	1	10	0	22
chrIV	267726	267806	1	1	1	1	0	16
chrIV	268997	269137	1	1	1	1	0	12
chrIV	307334	307765	2	2	1	15	0	22
chrIV	308428	308792	1	1	1	5	0	18
chrIV	322283	322703	1	1	1	129	0	25
chrIV	337525	337634	1	1	1	4	0	12
chrIV	399362	399484	1	1	1	1	0	6
chrIV	431387	431472	2	2	1	7	0	24
chrIV	451412	451490	2	2	1	1	0	20
chrIV	458018	458097	2	2	1	4	0	24
chrIV	491560	491898	1	1	1	151	0	24
chrIV	529293	530490	2	2	1	0	1	14
chrIV	533178	534375	2	2	1	0	1	14
chrIV	569634	569723	2	2	1	3	0	15
chrIV	579479	580017	1	1	1	41	0	21
chrIV	601364	601472	2	2	1	1	0	17
chrIV	601400	601472	2	2	1	1	0	20
chrIV	629906	630173	1	1	1	7	0	23
chrIV	652781	653523	1	1	1	7	0	20
chrIV	652781	653526	1	1	1	1	0	22
chrIV	655204	655272	1	1	1	1	2	22
chrIV	676272	676405	1	1	1	2	0	20
chrIV	715248	715358	2	2	1	6	0	25
chrIV	733686	733775	2	2	1	2	0	23
chrIV	733703	733775	2	2	1	139	0	25
chrIV	733708	733775	2	2	1	1	0	20
chrIV	788438	788751	2	2	1	1	0	14
chrIV	801925	801948	2	2	1	1	0	24
chrIV	946351	946364	0	0	1	0	1	6
chrIV	1212878	1212978	1	1	1	5	0	22
chrIV	1236843	1237608	1	1	1	72	0	25
chrIV	1238631	1238824	2	2	1	1	0	19
chrIV	1252640	1253237	1	1	1	1	0	17
chrIV	1266770	1266861	2	2	1	49	0	24
chrIV	1319618	1319697	2	2	1	13	0	21
chrIV	1319721	1319816	2	2	1	10	0	23
chrIV	1329816	1329836	1	1	1	2	64	22
chrIV	1329837	1329935	1	1	1	0	77	21
chrIV	1329858	1329914	1	1	0	1	0	24
chrIV	1355237	1355550	2	2	1	1	0	23
chrIV	1359970	1360404	1	1	1	21	0	24
chrIV	1401801	1402184	1	1	1	23	0	25
chrIV	1450458	1450846	2	2	1	2	0	19
chrIV	1526005	1526210	1	1	1	0	1	14
chrIV	1527482	1527779	1	1	1	0	1	21
chrIX	6258	6468	2	2	1	0	4	24
chrIX	23331	23543	2	2	1	0	1	23
chrIX	23331	23864	2	2	1	0	1	23
chrIX	25601	25639	1	3	1	2	2	14
chrIX	68716	69149	1	1	1	2	0	23
chrIX	99096	99385	2	2	1	21	0	21
chrIX	155223	155310	1	3	1	2	0	8
chrIX	231958	232366	2	2	1	8	0	23
chrIX	256555	257026	2	2	1	13	211	23
chrIX	316772	317171	1	1	1	2	0	24
chrIX	348364	348494	2	2	1	2	0	4
chrIX	387940	388072	1	1	1	1	0	17
chrMito	13987	16434	2	6	1	24	0	24
chrMito	16471	18953	0	0	1	34	0	23
chrMito	18992	20507	0	0	1	50	0	24
chrMito	20985	21994	0	0	1	83	2	23
chrMito	22247	23611	0	0	1	32	0	24
chrMito	23747	25317	0	0	1	56	1	19
chrMito	25343	26228	2	6	1	112	0	23
chrMito	36955	37722	2	6	1	121	0	14
chrMito	37737	39140	0	0	1	51	0	22
chrMito	39218	40840	0	0	1	28	0	23
chrMito	41091	42507	0	0	1	25	0	23
chrMito	42559	43296	0	0	1	25	0	22
chrMito	60725	61867	0	0	1	29	0	25
chrV	5824	6010	2	2	1	0	4	24
chrV	100992	101139	1	1	1	0	33	12
chrV	131777	131899	1	1	1	2	0	25
chrV	148195	148282	1	1	1	3	0	20
chrV	158995	159087	2	2	1	7	0	21
chrV	269752	270148	2	2	1	7	211	23
chrV	306326	306791	1	1	1	2	0	20
chrV	307747	307848	1	1	1	30	0	24
chrV	307957	308067	1	1	1	28	0	25
chrV	348202	348276	2	2	1	24	0	21
chrV	362733	363092	1	1	1	3	0	19
chrV	396811	397281	1	1	1	21	0	20
chrV	432672	433196	1	1	1	105	0	25
chrV	447722	447722	0	0	1	0	1	2
chrV	572299	572596	1	1	1	0	1	20
chrVI	3957	4167	2	2	1	0	1	14
chrVI	54378	54686	2	2	1	343	0	24
chrVI	63860	63973	2	2	1	2	0	10
chrVI	64600	64856	2	2	1	2	0	16
chrVI	75840	76091	0	0	1	5	0	8
chrVI	167476	167489	0	0	1	0	1	6
chrVI	203293	203386	2	2	1	7	0	17
chrVI	210655	210668	0	0	1	0	1	6
chrVI	221268	221414	2	2	1	8	0	24
chrVI	223441	223771	2	2	1	9	0	24
chrVII	62132	62189	1	1	1	4	0	23
chrVII	72989	73137	2	2	1	4	0	22
chrVII	114104	114169	1	1	1	1	0	25
chrVII	148599	148716	2	2	1	1	0	23
chrVII	148599	148966	2	2	1	1	0	16
chrVII	149305	149447	1	1	1	1	0	17
chrVII	150184	150525	2	2	1	2	0	22
chrVII	167355	167435	1	1	1	1	0	14
chrVII	167355	167994	1	1	1	3	0	14
chrVII	179591	180115	2	2	1	1	0	18
chrVII	253186	253248	2	2	1	6	0	17
chrVII	311016	311526	1	1	1	213	8	25
chrVII	323396	324433	2	2	1	2	0	13
chrVII	346809	346893	2	2	1	1	0	11
chrVII	364965	365432	2	2	1	1403	0	24
chrVII	365527	365985	2	2	1	43	0	25
chrVII	436313	436374	1	1	1	11	0	21
chrVII	437942	438397	2	2	1	1	0	13
chrVII	439094	439323	1	1	1	38	0	24
chrVII	439382	439475	1	1	1	1	0	24
chrVII	497366	497458	2	2	1	23	0	23
chrVII	497938	497999	2	2	1	1	0	3
chrVII	534474	534785	2	2	1	10	0	23
chrVII	543639	543721	1	1	1	8	0	17
chrVII	555831	556307	1	1	1	16	0	24
chrVII	561371	561438	1	1	1	1	0	17
chrVII	727039	727357	1	1	1	106	0	25
chrVII	749772	751036	1	1	1	1	0	22
chrVII	753440	753598	2	2	1	1	0	19
chrVII	787787	788178	2	2	1	2	0	15
chrVII	859261	859473	2	2	1	5	0	11
chrVII	877198	877227	1	3	1	1	0	13
chrVII	920665	921119	1	1	1	368	0	24
chrVII	1084883	1085093	1	1	1	0	4	24
chrVII	1086365	1086662	1	1	1	0	1	20
chrVIII	32206	32521	2	2	1	1	0	19
chrVIII	33627	33662	2	2	1	0	15	16
chrVIII	33651	33680	2	2	1	1	36	14
chrVIII	33666	33689	2	4	1	5	8	16
chrVIII	104406	104803	1	1	1	199	0	25
chrVIII	107832	107894	1	1	1	2	0	24
chrVIII	116228	116472	1	1	1	2	0	13
chrVIII	126552	127112	1	1	1	38	0	24
chrVIII	129529	129647	1	1	1	2	0	15
chrVIII	138241	138408	2	2	1	9	0	24
chrVIII	148117	148666	2	2	1	5	0	24
chrVIII	187515	187676	2	2	1	4	0	19
chrVIII	193225	194488	2	2	1	1	0	16
chrVIII	212505	214503	1	1	1	1	0	21
chrVIII	212602	214572	2	2	1	1	0	15
chrVIII	251156	251248	1	1	1	4	0	23
chrVIII	255638	255750	2	2	1	3	0	17
chrVIII	298361	298484	2	2	1	73	0	25
chrVIII	315772	315858	2	2	1	25	0	23
chrVIII	354865	354955	1	1	1	5	0	17
chrVIII	372188	372292	1	1	1	2	0	20
chrVIII	382307	382747	2	2	1	3	0	23
chrVIII	498708	498786	2	2	1	1	0	23
chrVIII	498720	498786	2	2	1	11	0	20
chrVIII	505248	505516	2	2	1	32	0	25
chrVIII	526525	526929	2	2	1	0	2	16
chrVIII	526660	526929	2	2	1	0	2	16
chrVIII	526660	527064	2	2	1	0	5	22
chrVIII	526795	527064	2	2	1	0	5	22
chrVIII	557497	557712	1	1	1	0	1	14
chrX	6241	6451	2	2	1	0	4	24
chrX	50269	50411	2	2	1	1	0	17
chrX	75939	76324	1	1	1	3	0	9
chrX	91095	91411	1	1	1	300	0	24
chrX	120850	121053	2	2	1	8	9	25
chrX	120918	120990	2	2	1	1	0	21
chrX	120971	121043	1	1	1	1	0	24
chrX	156790	157249	2	2	1	4	0	15
chrX	172413	172752	2	2	1	2	0	21
chrX	172433	172752	2	2	1	3	0	21
chrX	354283	354296	0	0	1	0	1	6
chrX	365785	365902	1	1	1	5	0	21
chrX	396494	396570	2	2	1	1	0	5
chrX	435228	435343	1	1	1	103	0	25
chrX	479645	479645	0	0	1	0	3	3
chrX	542992	543005	0	0	1	0	1	6
chrX	608307	608581	1	1	1	6	0	24
chrX	653197	653491	1	3	1	1	0	19
chrX	702799	703054	2	2	1	10	0	24
chrXI	82999	83074	1	1	1	5	0	24
chrXI	93312	93465	2	2	1	1	0	19
chrXI	93367	93465	2	2	1	1	0	17
chrXI	109578	109883	1	1	1	376	0	23
chrXI	155272	155636	1	1	1	6	0	25
chrXI	155272	155654	1	1	1	18	0	25
chrXI	158616	158966	1	1	1	1	0	15
chrXI	166400	166487	1	1	1	2	0	19
chrXI	283096	283421	1	1	1	413	0	23
chrXI	326519	326541	2	2	1	0	1	12
chrXI	336771	337460	2	2	1	2	0	22
chrXI	430456	430596	2	2	1	9	0	18
chrXI	432035	432432	1	1	1	1023	0	25
chrXI	437838	437905	1	1	1	32	0	23
chrXI	437838	437925	1	1	1	2	0	23
chrXI	447707	447810	2	2	1	2	0	5
chrXI	449952	450020	2	2	1	1	0	22
chrXI	464380	464404	2	2	1	2	15	19
chrXI	551681	552002	1	1	1	7	0	18
chrXI	618375	618526	2	2	1	1	0	24
chrXI	618375	618742	2	2	1	2	0	21
chrXI	625902	625976	1	1	1	2	0	22
chrXII	4919	5123	2	2	1	0	4	24
chrXII	10454	10658	2	2	1	0	4	24
chrXII	64627	64854	2	2	1	1	75	24
chrXII	233643	233885	2	2	1	3	1	25
chrXII	242322	242680	1	1	1	703	0	25
chrXII	242322	243162	1	1	1	1	0	13
chrXII	263206	263594	1	1	1	7	0	25
chrXII	263277	263594	1	1	1	1	0	22
chrXII	286468	286556	2	2	1	2	0	15
chrXII	327259	327399	2	2	1	1	0	15
chrXII	382301	382412	1	1	1	2	0	25
chrXII	410919	411161	1	1	1	0	1	25
chrXII	507292	507431	1	1	1	1	0	12
chrXII	522670	523028	1	1	1	2	0	20
chrXII	545670	547527	1	1	1	1	8	14
chrXII	548678	548763	2	2	1	2	0	24
chrXII	555596	556198	2	2	1	2	6	13
chrXII	564455	564513	2	2	1	2	0	24
chrXII	694383	694472	1	1	1	2	0	11
chrXII	712726	713155	2	2	1	3	0	8
chrXII	735133	735245	1	3	1	1	1	23
chrXII	766074	766129	2	2	1	3	0	22
chrXII	766182	766249	2	2	1	6	0	24
chrXII	786616	786712	1	1	1	2	0	24
chrXII	789135	789155	2	2	1	0	48	24
chrXII	803270	804088	1	1	1	0	1	15
chrXII	819331	819777	1	1	1	16	3	25
chrXII	856575	857057	1	1	1	166	0	24
chrXII	856989	857057	1	1	1	2	0	14
chrXII	898158	898645	1	1	1	13	0	20
chrXII	931350	931698	2	2	1	52	0	24
chrXII	987142	987212	1	1	1	3	0	22
chrXII	987142	987349	1	1	1	1	0	12
chrXII	1028869	1029252	1	1	1	43	0	25
chrXII	1065659	1065845	1	1	1	0	1	14
chrXII	1072192	1072397	1	1	1	0	1	14
chrXII	1073669	1073966	1	1	1	0	1	21
chrXIII	4795	4999	2	2	1	0	4	24
chrXIII	99260	99375	2	2	1	18	0	23
chrXIII	123743	124157	2	2	1	12	0	21
chrXIII	140091	140183	2	2	1	1	0	16
chrXIII	163309	163716	2	2	1	199	0	20
chrXIII	168834	168847	0	0	1	0	1	6
chrXIII	206098	206203	1	1	1	12	0	23
chrXIII	207572	207758	2	2	1	1	0	17
chrXIII	211445	211570	1	1	1	9	0	25
chrXIII	223381	223781	2	2	1	25	0	23
chrXIII	225240	225338	2	2	1	2	0	15
chrXIII	225892	226289	1	1	1	1	0	8
chrXIII	236592	236953	1	1	1	5	0	24
chrXIII	322275	322307	2	2	1	1	6	20
chrXIII	337818	337903	1	1	1	2	0	23
chrXIII	424998	425153	1	1	1	8	0	20
chrXIII	467282	467725	1	1	1	1	0	19
chrXIII	499879	500151	2	2	1	803	0	24
chrXIII	517564	517885	1	1	1	8	0	25
chrXIII	537449	537564	1	1	1	1	0	19
chrXIII	550802	551203	2	2	1	1	0	10
chrXIII	551952	552495	1	1	1	45	0	24
chrXIII	559783	560157	1	1	1	5	0	17
chrXIII	633132	633343	1	1	1	1	3	15
chrXIII	721199	721345	2	2	1	6	0	12
chrXIII	732466	732875	1	1	1	175	0	24
chrXIII	753743	754219	2	2	1	28	0	24
chrXIII	837967	837980	0	0	1	0	1	6
chrXIV	4300	4597	2	2	1	0	1	20
chrXIV	5869	6079	2	2	1	0	4	24
chrXIV	62373	62923	2	2	1	3	0	23
chrXIV	64019	64450	2	2	1	70	0	25
chrXIV	145150	145254	2	2	1	3	0	13
chrXIV	250791	250923	2	2	1	1	0	16
chrXIV	282613	282733	1	1	1	1	0	17
chrXIV	282613	282793	1	1	1	0	1	20
chrXIV	282625	282684	2	2	1	10	95	24
chrXIV	282625	282744	2	2	1	58	620	25
chrXIV	282684	282864	2	2	1	0	2	16
chrXIV	282699	282744	2	2	1	4	67	14
chrXIV	282733	282793	1	1	1	0	1	20
chrXIV	282745	282804	2	2	1	49	1162	25
chrXIV	282745	282864	2	2	1	0	1	15
chrXIV	287201	287388	1	1	1	1	0	21
chrXIV	331326	331837	1	1	1	1	0	15
chrXIV	342801	343189	1	1	1	1	0	12
chrXIV	350958	351053	1	1	1	23	0	22
chrXIV	350958	351060	1	1	1	2	0	22
chrXIV	369408	369504	2	2	1	2	0	12
chrXIV	380690	380781	2	2	1	36	0	19
chrXIV	414912	415913	1	1	1	117	0	22
chrXIV	443624	444171	2	2	1	1	0	25
chrXIV	443827	444171	2	2	1	168	0	25
chrXIV	494525	494973	2	2	1	19	0	21
chrXIV	501157	501502	1	1	1	8	0	24
chrXIV	545292	545370	1	1	1	24	0	22
chrXIV	557611	557684	1	1	1	20	0	24
chrXIV	622945	623286	1	1	1	1	0	5
chrXIV	704334	704438	2	2	1	0	1	22
chrXIV	704355	704438	2	2	1	0	1	22
chrXIV	721771	722302	2	2	1	32	0	23
chrXV	29083	29295	2	2	1	0	1	23
chrXV	31113	31214	1	1	1	0	39	25
chrXV	80361	80774	1	1	1	7	0	23
chrXV	92441	92830	2	2	1	3	0	20
chrXV	93844	94290	2	2	1	1041	0	25
chrXV	115126	115173	1	1	1	0	6	24
chrXV	115138	115173	1	1	1	0	6	24
chrXV	202014	202036	2	2	1	2	0	25
chrXV	240948	241025	2	2	1	7	0	24
chrXV	240948	241172	2	2	1	1	0	21
chrXV	242442	242504	2	2	1	3	0	19
chrXV	288231	288244	0	0	1	0	1	6
chrXV	428040	428984	1	1	1	0	1	12
chrXV	505938	506252	1	1	1	1	0	14
chrXV	505938	506338	1	1	1	1378	0	24
chrXV	552666	552874	2	2	1	8	0	16
chrXV	577405	577606	1	3	1	2	0	18
chrXV	678380	678790	2	2	1	2	0	8
chrXV	778860	779386	2	2	1	33	0	24
chrXV	780121	780277	1	1	1	0	3	12
chrXV	780574	781078	1	1	1	1	1	12
chrXV	867150	867586	1	1	1	368	0	25
chrXV	900768	901193	2	2	1	4	0	8
chrXV	926547	926592	2	4	1	1	0	23
chrXV	1030451	1030656	2	2	1	1	0	24
chrXV	1085157	1085362	1	1	1	0	1	14
chrXV	1086634	1086931	1	1	1	0	1	21
chrXVI	4209	4506	2	2	1	0	1	20
chrXVI	5778	5988	2	2	1	0	4	24
chrXVI	75986	76223	2	2	1	5	0	24
chrXVI	138726	138864	1	1	1	24	0	24
chrXVI	173666	174072	1	1	1	38	0	20
chrXVI	185424	185924	1	1	1	0	2	24
chrXVI	185433	185927	1	1	1	0	5	22
chrXVI	218663	218746	1	3	1	1	0	13
chrXVI	231431	231577	1	1	1	3	0	19
chrXVI	248037	248114	1	3	1	2	4	20
chrXVI	281374	281503	2	2	1	0	3	12
chrXVI	282141	282665	1	1	1	28	0	24
chrXVI	305307	305411	1	1	1	7	0	20
chrXVI	345445	345596	2	2	1	12	0	23
chrXVI	345445	345714	2	2	1	1	0	22
chrXVI	377996	378389	2	2	1	2	0	16
chrXVI	404957	405457	1	1	1	4	0	7
chrXVI	406647	407067	1	1	1	6	0	22
chrXVI	412889	412995	1	1	1	2	0	20
chrXVI	582559	582701	2	2	1	11	0	22
chrXVI	602268	602341	2	2	1	1	0	13
chrXVI	623578	623710	1	1	1	19	0	23
chrXVI	654168	654570	1	1	1	9	0	21
chrXVI	655827	656293	2	2	1	1	0	21
chrXVI	678194	678279	2	2	1	22	0	23
chrXVI	782424	782524	2	2	1	1	0	22
chrXVI	795030	795394	1	1	1	258	0	25
chrXVI	795135	795394	1	1	1	1	0	13
chrXVI	883388	883486	1	1	1	322	0	24
chrXVI	911277	911352	1	1	1	3	0	19
chrXVI	943051	943261	1	1	1	0	4	24
