chrI	12680	12727	1	1	1	0	5	24
chrI	87388	87500	1	1	1	73	0	23
chrI	142254	142619	1	1	1	326	0	24
chrI	142254	143349	1	1	1	1	0	17
chrI	151007	151096	2	2	1	5	0	24
chrII	45645	45977	1	1	1	32	0	24
chrII	60194	60697	2	2	1	36	0	23
chrII	110421	110505	2	2	1	2	0	17
chrII	110880	110948	1	1	1	7	0	18
chrII	125155	125270	1	1	1	12	0	24
chrII	168425	168808	1	1	1	3	0	22
chrII	170621	170804	1	1	1	1	0	22
chrII	170677	170757	1	1	1	1	0	20
chrII	170677	170804	1	1	1	80	0	25
chrII	186353	186427	2	2	1	4	0	25
chrII	332876	333386	1	1	1	142	0	24
chrII	333321	333386	1	1	1	1	0	18
chrII	393181	393507	1	1	1	1	0	19
chrII	393181	393510	1	1	1	211	0	25
chrII	407028	407122	2	2	1	98	0	24
chrII	414754	415259	2	2	1	12	0	24
chrII	443706	443833	2	2	1	9	0	15
chrII	462210	462289	1	1	1	18	0	24
chrII	462430	462499	1	1	1	31	2	24
chrII	464084	464359	1	1	1	0	1	13
chrII	479346	479434	1	1	1	1	0	9
chrII	482100	482223	1	1	1	0	1	12
chrII	592417	592768	2	2	1	4	0	19
chrII	602104	602216	1	1	1	1	0	16
chrII	604515	604927	1	1	1	13	0	21
chrII	606175	606668	1	1	1	1	0	12
chrII	606281	606668	1	1	1	16	0	21
chrII	643489	643925	1	1	1	1	0	15
chrII	726918	727011	2	2	1	14	0	25
chrII	779875	780366	2	2	0	0	1	21
chrIII	70622	70645	1	1	1	5	1	18
chrIII	83033	84111	2	2	1	0	1	12
chrIII	83033	84337	2	2	1	0	1	12
chrIII	83033	84853	2	2	1	0	1	12
chrIII	98036	99718	1	1	1	1	0	18
chrIII	101634	101700	2	2	1	14	0	25
chrIII	101643	101700	2	2	1	1	0	22
chrIII	107192	107287	1	1	1	90	0	23
chrIII	108111	108593	1	1	1	1	0	15
chrIII	111558	111633	2	2	1	6	0	23
chrIII	173116	173198	2	2	1	27	0	24
chrIII	293940	293993	1	1	1	14	0	18
chrIII	293940	294007	1	1	1	2	0	19
chrIII	294240	294291	1	1	1	15	0	24
chrIV	65307	65377	1	1	1	5	0	24
chrIV	117667	118157	1	1	1	10	0	20
chrIV	122078	122176	1	1	1	5	0	25
chrIV	216158	216489	1	1	1	59	0	20
chrIV	216158	216491	1	1	1	1	0	20
chrIV	217603	218007	1	1	1	9	0	22
chrIV	230020	230320	1	1	1	578	0	25
chrIV	239399	239509	2	2	1	31	0	20
chrIV	246276	246415	1	1	1	2	0	15
chrIV	254975	255044	2	2	1	4	0	13
chrIV	267726	267806	1	1	1	3	0	20
chrIV	268909	269043	2	2	1	1	0	17
chrIV	307334	307765	2	2	1	11	0	24
chrIV	308428	308792	1	1	1	6	0	18
chrIV	314045	314336	2	2	1	2	0	9
chrIV	322283	322703	1	1	1	90	0	24
chrIV	337525	337634	1	1	1	8	0	19
chrIV	392593	392730	1	1	1	1	0	15
chrIV	399362	399484	1	1	1	1	0	10
chrIV	431387	431472	2	2	1	14	0	25
chrIV	451959	452079	2	2	1	1	0	24
chrIV	458018	458097	2	2	1	5	0	24
chrIV	491560	491898	1	1	1	168	0	24
chrIV	569634	569723	2	2	1	2	0	22
chrIV	579479	580017	1	1	1	29	0	25
chrIV	601097	601139	2	2	1	0	2	18
chrIV	601100	601166	2	2	1	0	2	15
chrIV	616911	617457	2	2	1	1	0	14
chrIV	629906	630173	1	1	1	10	0	22
chrIV	652781	653523	1	1	1	7	0	23
chrIV	676272	676405	1	1	1	1	0	20
chrIV	715248	715358	2	2	1	7	0	25
chrIV	733703	733775	2	2	1	139	0	25
chrIV	758865	759440	2	2	1	0	29	16
chrIV	758865	759632	2	2	1	0	27	16
chrIV	759057	759440	2	2	1	0	29	16
chrIV	759057	759632	2	2	1	0	27	16
chrIV	788438	788751	2	2	1	1	0	12
chrIV	792420	794000	2	2	1	1	0	22
chrIV	892734	893512	1	1	1	0	1	15
chrIV	909747	911389	2	2	1	1	0	14
chrIV	933976	934133	1	1	1	1	0	14
chrIV	955004	955074	2	2	1	1	0	12
chrIV	1103810	1103892	1	1	1	2	0	19
chrIV	1208302	1208302	0	0	1	0	1	17
chrIV	1212878	1212978	1	1	1	1	0	23
chrIV	1236843	1237608	1	1	1	38	0	25
chrIV	1266770	1266861	2	2	1	34	0	22
chrIV	1319618	1319697	2	2	1	14	0	21
chrIV	1319721	1319816	2	2	1	8	0	21
chrIV	1355237	1355550	2	2	1	1	0	11
chrIV	1359970	1360404	1	1	1	11	0	24
chrIV	1401801	1402184	1	1	1	21	0	24
chrIV	1527482	1527779	1	1	1	0	1	20
chrIV	1527494	1527553	2	2	1	0	3	14
chrIX	4914	4974	1	1	1	0	3	14
chrIX	68716	69149	1	1	1	6	0	25
chrIX	99096	99385	2	2	1	12	0	21
chrIX	127662	128148	1	1	1	6	0	21
chrIX	128525	128677	2	2	1	0	1	16
chrIX	128528	128677	2	2	1	0	1	16
chrIX	155223	155310	1	3	1	4	0	22
chrIX	166435	166519	1	1	1	3	0	16
chrIX	231958	232366	2	2	1	13	0	22
chrIX	256555	257026	2	2	1	21	218	24
chrIX	261690	261815	1	1	1	1	0	22
chrIX	261724	261815	1	1	1	1	0	24
chrIX	316772	317171	1	1	1	2	0	24
chrIX	366557	366592	1	1	1	3	65	25
chrMito	13987	16434	2	6	1	58	0	21
chrMito	16471	18953	0	0	1	79	0	25
chrMito	18992	20507	0	0	1	73	0	24
chrMito	20985	21994	0	0	1	140	3	24
chrMito	22247	23611	0	0	1	55	0	23
chrMito	23747	25317	0	0	1	53	0	23
chrMito	25343	26228	2	6	1	143	0	23
chrMito	36955	37722	2	6	1	365	0	21
chrMito	37737	39140	0	0	1	170	0	22
chrMito	39218	40840	0	0	1	60	0	24
chrMito	41091	42507	0	0	1	103	0	24
chrMito	42559	43296	0	0	1	72	0	24
chrMito	60725	61867	0	0	1	56	0	25
chrV	100992	101139	1	1	1	0	27	12
chrV	131777	131899	1	1	1	7	0	24
chrV	194043	194203	2	2	1	1	2	19
chrV	269752	270148	2	2	1	7	218	24
chrV	306326	306791	1	1	1	2	0	20
chrV	307747	307848	1	1	1	45	0	25
chrV	307957	308067	1	1	1	31	0	24
chrV	348202	348276	2	2	1	20	0	21
chrV	396811	397281	1	1	1	20	0	20
chrV	432672	433196	1	1	1	99	0	24
chrV	442122	442447	1	1	1	1	0	20
chrV	447722	447722	0	0	1	0	1	2
chrV	545398	546453	1	1	1	1	0	16
chrVI	54378	54686	2	2	1	347	0	24
chrVI	63860	63973	2	2	1	4	0	10
chrVI	64600	64920	2	2	1	3	0	20
chrVI	75840	76091	0	0	1	4	0	13
chrVI	203293	203386	2	2	1	3	0	10
chrVI	221268	221414	2	2	1	8	0	20
chrVI	223441	223771	2	2	1	10	0	18
chrVI	242010	242081	1	1	1	1	0	20
chrVII	62132	62189	1	1	1	6	0	17
chrVII	72989	73137	2	2	1	3	0	19
chrVII	148599	148767	2	2	1	1	0	15
chrVII	148599	148966	2	2	1	2	0	24
chrVII	150184	150525	2	2	1	2	0	21
chrVII	167355	167435	1	1	1	2	0	14
chrVII	167355	167994	1	1	1	7	0	22
chrVII	253186	253248	2	2	1	5	0	19
chrVII	280076	280105	1	1	1	0	3	16
chrVII	280076	280117	1	1	1	0	3	16
chrVII	280076	280129	1	1	1	0	2	16
chrVII	280088	280117	1	1	1	0	2	16
chrVII	280088	280129	1	1	1	0	1	16
chrVII	280100	280129	1	1	1	0	5	16
chrVII	311016	311526	1	1	1	203	12	25
chrVII	323396	324391	2	2	1	2	0	12
chrVII	346809	346893	2	2	1	1	0	11
chrVII	364950	365432	2	2	1	1	0	24
chrVII	364965	365432	2	2	1	1147	0	24
chrVII	365527	365985	2	2	1	44	0	25
chrVII	404976	405104	1	1	1	1	0	24
chrVII	436313	436374	1	1	1	16	0	19
chrVII	439094	439323	1	1	1	49	0	25
chrVII	481296	481394	2	4	1	1	11	25
chrVII	497366	497458	2	2	1	15	0	22
chrVII	497938	497999	2	2	1	1	0	3
chrVII	534474	534781	2	2	1	1	0	19
chrVII	534474	534785	2	2	1	21	0	23
chrVII	537362	537362	0	0	1	0	1	17
chrVII	543639	543721	1	1	1	6	0	16
chrVII	555831	556307	1	1	1	8	0	24
chrVII	556228	556307	1	1	1	2	0	15
chrVII	610568	611507	2	2	1	1	0	23
chrVII	667572	667796	1	1	1	1	0	18
chrVII	727039	727357	1	1	1	57	1	25
chrVII	787787	788178	2	2	1	4	0	14
chrVII	859261	859473	2	2	1	6	0	16
chrVII	920665	921119	1	1	1	324	0	24
chrVII	1043054	1043480	1	1	1	1	0	15
chrVIII	33627	33662	2	2	1	1	12	16
chrVIII	33627	33698	2	2	1	1	56	19
chrVIII	104406	104803	1	1	1	176	0	25
chrVIII	107832	107894	1	1	1	5	0	24
chrVIII	116228	116472	1	1	1	1	0	13
chrVIII	126552	127112	1	1	1	21	0	24
chrVIII	129529	129647	1	1	1	1	0	15
chrVIII	138241	138408	2	2	1	4	0	21
chrVIII	148117	148508	2	2	1	1	0	24
chrVIII	148117	148666	2	2	1	7	0	24
chrVIII	148755	148821	2	2	1	1	0	14
chrVIII	187515	187676	2	2	1	1	0	3
chrVIII	193225	194488	2	2	1	3	0	20
chrVIII	212602	214572	2	2	1	2	0	16
chrVIII	212729	214624	1	5	1	1	4	18
chrVIII	251156	251248	1	1	1	3	0	16
chrVIII	255638	255750	2	2	1	1	0	12
chrVIII	262355	262440	2	2	1	1	0	7
chrVIII	298361	298484	2	2	1	28	1	25
chrVIII	314940	315099	2	2	1	1	0	21
chrVIII	315772	315858	2	2	1	16	0	22
chrVIII	354865	354955	1	1	1	4	0	25
chrVIII	372132	372292	1	1	1	1	0	18
chrVIII	382307	382747	2	2	1	1	0	12
chrVIII	498708	498786	2	2	1	3	0	20
chrVIII	498720	498786	2	2	1	11	0	16
chrVIII	505248	505516	2	2	1	39	1	25
chrVIII	526676	526810	1	1	1	0	3	24
chrX	4897	4957	1	1	1	0	3	14
chrX	73797	74204	1	1	1	1	0	13
chrX	74114	74204	1	1	1	1	0	13
chrX	75939	76324	1	1	1	4	0	21
chrX	91095	91256	1	1	1	1	0	15
chrX	91095	91411	1	1	1	316	0	24
chrX	120702	120909	2	2	1	0	2	22
chrX	120702	120981	2	2	1	0	2	22
chrX	120816	120933	1	1	1	0	2	15
chrX	120816	121005	1	1	1	0	2	15
chrX	120850	121179	2	2	1	2	361	21
chrX	156790	157249	2	2	1	5	0	24
chrX	172433	172752	2	2	1	10	0	25
chrX	365785	365902	1	1	1	7	0	24
chrX	387349	387435	2	2	1	1	0	11
chrX	396494	396570	2	2	1	2	0	12
chrX	435228	435316	1	1	1	1	0	14
chrX	435228	435343	1	1	1	54	0	25
chrX	469184	469263	2	2	1	1	0	23
chrX	474062	474062	0	0	1	0	1	2
chrX	479645	479645	0	0	1	0	1	1
chrX	608307	608581	1	1	1	7	0	18
chrX	617957	617975	0	0	1	0	2	22
chrX	702799	703054	2	2	1	4	1	21
chrXI	82999	83074	1	1	1	6	0	21
chrXI	93303	93465	2	2	1	4	0	13
chrXI	93367	93465	2	2	1	4	0	18
chrXI	109578	109883	1	1	1	326	0	24
chrXI	155272	155636	1	1	1	8	0	24
chrXI	155272	155654	1	1	1	12	0	25
chrXI	158616	158966	1	1	1	3	0	18
chrXI	166400	166487	1	1	1	3	0	22
chrXI	166400	166516	1	1	1	4	0	18
chrXI	220778	220831	1	1	1	1	25	18
chrXI	256133	256668	2	2	1	1	0	16
chrXI	283096	283421	1	1	1	305	0	23
chrXI	283096	284525	1	1	1	1	0	25
chrXI	336665	337012	1	1	1	1	0	22
chrXI	430456	430596	2	2	1	7	0	19
chrXI	432035	432432	1	1	1	1169	0	25
chrXI	437838	437905	1	1	1	43	2	23
chrXI	437838	437925	1	1	1	1	0	20
chrXI	447707	447810	2	2	1	9	0	19
chrXI	449952	450020	2	2	1	1	0	22
chrXI	551681	552002	1	1	1	4	0	16
chrXI	552125	552250	1	1	1	2	0	13
chrXI	618375	618742	2	2	1	2	0	23
chrXII	64193	64420	2	2	1	0	11	14
chrXII	64496	64723	2	2	1	1	11	17
chrXII	64627	64854	2	2	1	1	39	25
chrXII	146491	146615	1	1	1	1	0	24
chrXII	242322	242680	1	1	1	633	0	25
chrXII	250861	250947	2	2	1	1	0	11
chrXII	263206	263594	1	1	1	2	0	14
chrXII	263277	263594	1	1	1	1	0	19
chrXII	263328	263594	1	1	1	3	0	23
chrXII	286468	286556	2	2	1	1	0	15
chrXII	327259	327399	2	2	1	6	0	23
chrXII	480296	480296	0	0	1	0	1	17
chrXII	522670	523028	1	1	1	3	0	11
chrXII	545670	547461	1	1	1	1	23	19
chrXII	564455	564513	2	2	1	1	0	7
chrXII	592563	592581	0	0	1	0	2	22
chrXII	594743	594743	0	0	1	0	1	17
chrXII	638158	639194	1	1	1	0	1	12
chrXII	712726	713155	2	2	1	9	0	17
chrXII	732128	732146	0	0	1	0	2	22
chrXII	766074	766129	2	2	1	7	0	22
chrXII	766182	766249	2	2	1	13	0	24
chrXII	766187	766249	2	2	1	1	0	13
chrXII	789135	789155	2	2	1	0	36	24
chrXII	795913	796335	2	2	1	3	0	20
chrXII	819331	819777	1	1	1	18	1	23
chrXII	856575	857057	1	1	1	100	0	23
chrXII	856989	857057	1	1	1	4	0	17
chrXII	898158	898645	1	1	1	13	0	23
chrXII	931350	931698	2	2	1	86	0	24
chrXII	987142	987212	1	1	1	2	0	5
chrXII	987142	987349	1	1	1	1	0	12
chrXII	1024573	1024654	1	1	1	1	0	17
chrXII	1028869	1029252	1	1	1	30	0	21
chrXII	1073669	1073966	1	1	1	0	1	20
chrXII	1073681	1073740	2	2	1	0	3	14
chrXIII	99260	99375	2	2	1	11	0	20
chrXIII	123743	124157	2	2	1	7	0	15
chrXIII	163309	163716	2	2	1	158	0	23
chrXIII	197933	197933	0	0	1	0	1	17
chrXIII	206098	206203	1	1	1	16	0	23
chrXIII	211445	211570	1	1	1	10	0	25
chrXIII	223381	223781	2	2	1	23	0	25
chrXIII	225892	226289	1	1	1	2	0	14
chrXIII	236592	236953	1	1	1	13	0	24
chrXIII	371192	372936	1	1	1	0	1	13
chrXIII	424998	425153	1	1	1	3	0	9
chrXIII	445660	446400	2	2	1	1	0	13
chrXIII	499879	500151	2	2	1	507	0	24
chrXIII	517564	517885	1	1	1	9	0	25
chrXIII	551952	552495	1	1	1	39	0	24
chrXIII	557829	558001	2	2	1	1	0	16
chrXIII	559783	560157	1	1	1	4	0	14
chrXIII	651161	651623	1	1	1	6	0	24
chrXIII	721199	721345	2	2	1	3	0	12
chrXIII	732466	732875	1	1	1	95	0	24
chrXIII	753743	754219	2	2	1	20	0	20
chrXIII	854817	854898	1	1	1	4	0	20
chrXIV	62373	62923	2	2	1	1	0	16
chrXIV	64019	64450	2	2	1	144	0	24
chrXIV	282625	282684	2	2	1	8	139	23
chrXIV	282625	282744	2	2	1	73	556	25
chrXIV	282745	282804	2	2	1	29	1154	25
chrXIV	331326	331837	1	1	1	3	0	25
chrXIV	350958	351053	1	1	1	30	0	24
chrXIV	380690	380781	2	2	1	25	0	4
chrXIV	414912	415913	1	1	1	65	0	21
chrXIV	443660	444171	2	2	1	1	0	23
chrXIV	443827	444171	2	2	1	195	0	25
chrXIV	468959	469135	1	1	1	1	0	24
chrXIV	494525	494973	2	2	1	10	0	17
chrXIV	501157	501502	1	1	1	33	0	24
chrXIV	545292	545370	1	1	1	27	0	24
chrXIV	557611	557684	1	1	1	15	0	24
chrXIV	622945	623286	1	1	1	2	0	21
chrXIV	721771	722302	2	2	1	54	0	24
chrXV	31113	31214	1	1	1	0	35	23
chrXV	31159	31182	2	2	1	1	0	16
chrXV	80361	80774	1	1	1	6	0	23
chrXV	92441	92830	2	2	1	2	0	20
chrXV	93844	94290	2	2	1	681	0	25
chrXV	115126	115173	1	1	1	0	5	22
chrXV	115138	115173	1	1	1	0	5	22
chrXV	119305	119305	0	0	1	0	1	17
chrXV	240948	241025	2	2	1	12	0	25
chrXV	242442	242504	2	2	1	2	0	18
chrXV	355258	355466	2	2	1	1	0	16
chrXV	505938	506338	1	1	1	1025	0	24
chrXV	552666	552874	2	2	1	11	0	21
chrXV	678380	678790	2	2	1	1	0	8
chrXV	778860	779386	2	2	1	18	0	24
chrXV	780121	780277	1	1	1	0	2	5
chrXV	867150	867586	1	1	1	398	1	24
chrXV	900768	901193	2	2	1	2	0	6
chrXV	1060739	1060957	1	1	1	0	1	20
chrXV	1086634	1086931	1	1	1	0	1	20
chrXV	1086646	1086705	2	2	1	0	3	14
chrXVI	58053	58053	0	0	1	0	1	17
chrXVI	62372	62431	2	2	1	0	1	12
chrXVI	75986	76223	2	2	1	6	0	24
chrXVI	138726	138864	1	1	1	10	0	18
chrXVI	173666	174072	1	1	1	50	0	20
chrXVI	185412	185615	1	1	1	1	24	16
chrXVI	185415	185615	1	1	1	3	18	20
chrXVI	185418	185615	1	1	1	0	11	15
chrXVI	185628	186980	1	1	0	0	1	12
chrXVI	281374	281503	2	2	1	0	2	5
chrXVI	282141	282665	1	1	1	23	0	24
chrXVI	305307	305411	1	1	1	4	0	20
chrXVI	345445	345596	2	2	1	10	0	23
chrXVI	377996	378389	2	2	1	2	0	19
chrXVI	404957	405457	1	1	1	4	0	20
chrXVI	406647	407067	1	1	1	2	0	20
chrXVI	582559	582701	2	2	1	11	0	24
chrXVI	623578	623710	1	1	1	16	0	23
chrXVI	654168	654570	1	1	1	15	0	20
chrXVI	656023	656941	2	2	1	1	0	22
chrXVI	678194	678279	2	2	1	17	0	23
chrXVI	795030	795394	1	1	1	202	1	25
chrXVI	854952	854952	0	0	1	0	1	17
chrXVI	869029	869184	2	2	0	0	7	12
chrXVI	869220	869348	2	2	1	2	97	22
chrXVI	883388	883486	1	1	1	352	0	24
chrXVI	911277	911352	1	1	1	1	0	21
